Grid 01
003020600
900305001
001806400
008102900
700000008
006708200
002609500
800203009
005010300
Grid 02
200080300
060070084
030500209
000105408
000000000
402706000
301007040
720040060
004010003
Grid 03
000000907
000420180
000705026
100904000
050000040
000507009
920108000
034059000
507000000
Grid 04
030050040
008010500
460000012
070502080
000603000
040109030
250000098
001020600
080060020
Grid 05
020810740
700003100
090002805
009040087
400208003
160030200
302700060
005600008
076051090
Grid 06
100920000
524010000
000000070
050008102
000000000
402700090
060000000
000030945
000071006
Grid 07
043080250
600000000
000001094
900004070
000608000
010200003
820500000
000000005
034090710
Grid 08
480006902
002008001
900370060
840010200
003704100
001060049
020085007
700900600
609200018
Grid 09
000900002
050123400
030000160
908000000
070000090
000000205
091000050
007439020
400007000
Grid 10
001900003
900700160
030005007
050000009
004302600
200000070
600100030
042007006
500006800